       0   0.653
       1   0.653
       2   0.653
       3   0.652
       4   0.652
       5   0.652
       6   0.653
       7   0.652
       8   0.652
       9   0.653
      10   0.652
      11   0.652
      12   0.652
      13   0.652
      14   0.652
      15   0.652
      16   0.652
      17   0.652
      18   0.651
      19   0.654
      20   0.661
      21   0.664
      22   0.663
      23   0.669
      24   0.668
      25   0.681
      26   0.682
      27   0.688
      28   0.687
      29   0.698
      30   0.705
      31   0.719
      32   0.718
      33    0.73
      34   0.741
      35   0.761
      36   0.762
      37   0.778
      38   0.778
      39   0.825
      40   0.825
      41   0.866
      42   0.866
      43   0.903
      44   0.949
      45   1.007
      46   1.007
      47   1.072
      48   1.072
      49   1.154
      50   1.155
      51   1.236
      52   1.236
      53   1.363
      54   1.363
      55   1.433
      56   1.435
      57   1.539
      58   1.597
      59   1.721
      60   1.723
      61   1.825
      62   1.826
      63   2.051
      64   2.052
      65   2.221
      66   2.225
      67   2.453
      68   2.456
      69   2.659
      70   2.662
      71   2.823
      72   2.968
      73   3.105
      74   3.115
      75   3.316
      76   3.321
      77    3.69
      78   3.691
      79    3.89
      80   3.894
      81   4.306
      82   4.309
      83   4.529
      84   4.531
      85   4.832
      86   4.991
      87   5.313
      88   5.318
      89   5.568
      90   5.571
      91   6.099
      92   6.104
      93   6.467
      94   6.472
      95   6.755
      96   6.948
      97   7.344
      98   7.349
      99   7.655
     100   7.964
     101   8.282
     102   8.289
     103   8.718
     104   8.721
     105   9.389
     106   9.393
     107   9.741
     108    9.75
     109  10.217
     110  10.457
     111  10.823
     112   10.83
     113  11.319
     114  11.569
     115  12.074
     116  12.079
     117   12.47
     118  12.474
     119  13.266
     120  13.271
     121  13.807
     122  13.807
     123  14.221
     124    14.5
     125  15.059
     126  15.065
     127  15.628
     128   15.91
     129   16.34
     130  16.346
     131  16.915
     132  16.924
     133  17.844
     134  17.848
     135  18.406
     136  18.409
     137  19.164
     138  19.547
     139  20.319
     140  20.328
     141  20.914
     142  20.919
     143  22.098
     144  22.102
     145  22.689
     146  22.693
     147  23.877
     148  23.883
     149  24.844
     150  24.845
     151  25.566
     152  26.285
     153  27.008
     154  27.003
     155   27.98
     156  27.978
     157  29.186
     158  29.188
     159   30.15
     160   30.15
     161  31.595
     162  31.594
     163  32.319
     164  32.317
     165  33.283
     166  33.763
     167  34.707
     168  34.708
     169  35.423
     170   35.42
     171  37.087
     172  37.089
     173  37.912
     174  37.909
     175  39.017
     176  39.561
     177  40.654
     178  40.651
     179  41.534
     180  42.461
     181  43.386
     182  43.385
     183  44.605
     184  44.602
     185  46.143
     186   46.14
     187  47.477
     188  47.481
     189  48.814
     190  49.499
     191  50.587
     192  50.583
     193  52.065
     194  52.791
     195  54.244
     196  54.241
     197  55.417
     198  55.408
     199  57.758
     200  57.753
     201  59.392
     202  59.385
     203  60.585
     204  61.365
     205  62.987
     206  62.974
     207   64.25
     208  65.536
     209  66.821
     210  66.817
     211  68.544
     212  68.546
     213  71.245
     214  71.224
     215  72.542
     216  72.545
     217  74.444
     218   75.05
     219  76.049
     220  76.033
     221  77.382
     222  77.388
     223  79.471
     224   79.47
     225  80.555
     226  80.556
     227  82.875
     228  82.864
     229  84.521
     230  84.511
     231  85.795
     232  86.699
     233  88.562
     234  88.558
     235  89.938
     236  89.946
     237  93.085
     238  93.078
     239  95.359
     240  95.344
     241  99.024
     242  99.019
     243  101.07
     244 101.045
     245 103.616
     246 103.968
     247 103.967
     248 103.962
     249 103.954
     250 103.953
     251 103.934
     252 103.938
     253 103.927
     254 103.899
     255 103.908
