      0  0.631
      1  0.631
      2  0.631
      3  0.631
      4  0.631
      5  0.631
      6  0.631
      7  0.631
      8  0.631
      9  0.631
     10   0.63
     11  0.631
     12  0.631
     13  0.631
     14   0.63
     15   0.63
     16  0.631
     17   0.63
     18   0.63
     19  0.634
     20  0.634
     21  0.635
     22  0.635
     23  0.637
     24  0.637
     25   0.64
     26   0.64
     27  0.644
     28  0.644
     29  0.651
     30  0.651
     31  0.655
     32  0.655
     33  0.663
     34  0.663
     35  0.673
     36  0.672
     37  0.683
     38  0.683
     39  0.694
     40  0.695
     41  0.713
     42  0.713
     43  0.751
     44  0.751
     45  0.787
     46  0.787
     47  0.823
     48  0.823
     49  0.881
     50  0.881
     51  0.923
     52  0.924
     53  0.974
     54  0.974
     55  1.018
     56  1.018
     57  1.105
     58  1.105
     59  1.169
     60  1.169
     61   1.24
     62   1.24
     63  1.318
     64  1.318
     65  1.382
     66  1.383
     67  1.471
     68  1.471
     69  1.567
     70  1.567
     71  1.726
     72  1.727
     73  1.813
     74  1.813
     75  1.934
     76  1.934
     77  2.056
     78  2.056
     79  2.162
     80  2.162
     81  2.244
     82  2.245
     83  2.377
     84  2.377
     85  2.588
     86  2.589
     87  2.735
     88  2.734
     89  2.891
     90  2.889
     91   3.01
     92  3.008
     93  3.174
     94  3.173
     95  3.343
     96  3.342
     97  3.518
     98   3.61
     99  3.746
    100  3.749
    101  3.933
    102  3.935
    103  4.128
    104  4.127
    105  4.326
    106  4.325
    107  4.475
    108  4.478
    109  4.684
    110  4.683
    111  4.895
    112  4.999
    113  5.219
    114  5.218
    115  5.438
    116  5.441
    117  5.609
    118  5.609
    119  5.838
    120  5.839
    121  6.072
    122  6.072
    123  6.309
    124   6.31
    125  6.488
    126  6.608
    127   6.85
    128  6.852
    129  7.101
    130  7.101
    131   7.35
    132  7.353
    133  7.541
    134   7.54
    135  7.796
    136  7.797
    137  8.057
    138  8.058
    139  8.318
    140  8.448
    141  8.711
    142  8.711
    143  8.907
    144  8.908
    145  9.178
    146  9.178
    147    9.5
    148  9.492
    149  9.835
    150  9.841
    151 10.099
    152 10.099
    153 10.448
    154 10.624
    155 10.975
    156 10.974
    157  11.33
    158  11.33
    159 11.593
    160 11.594
    161 11.943
    162 11.943
    163 12.348
    164 12.351
    165 12.771
    166 12.774
    167 13.085
    168 13.296
    169  13.72
    170 13.722
    171 14.143
    172 14.144
    173  14.56
    174  14.56
    175 14.978
    176 14.979
    177 15.289
    178 15.291
    179 15.705
    180 15.709
    181 16.119
    182 16.327
    183 16.732
    184 16.735
    185 17.037
    186 17.037
    187 17.507
    188 17.513
    189 17.978
    190 17.979
    191 18.443
    192 18.445
    193 18.792
    194 18.792
    195 19.492
    196 19.479
    197 20.005
    198 20.009
    199 20.516
    200 20.518
    201 21.021
    202 21.021
    203 21.398
    204 21.397
    205  21.95
    206  21.95
    207 22.494
    208 22.496
    209 23.356
    210 23.354
    211 23.809
    212 23.802
    213 24.396
    214 24.399
    215 24.986
    216 24.989
    217 25.609
    218 25.612
    219 26.071
    220  26.07
    221 26.717
    222 26.716
    223 27.652
    224 27.651
    225 28.284
    226 28.284
    227 28.944
    228 28.942
    229 29.441
    230 29.442
    231 30.099
    232   30.1
    233 30.777
    234 30.775
    235  31.46
    236 31.462
    237 32.318
    238 32.315
    239 32.895
    240 32.899
    241 33.395
    242 33.396
    243 33.899
    244 33.898
    245 34.286
    246  34.28
    247 34.811
    248 34.812
    249 35.365
    250 35.363
    251 36.241
    252 36.239
    253 36.853
    254  36.85
    255  36.85
