       0   0.655
       1   0.655
       2   0.655
       3   0.654
       4   0.653
       5   0.654
       6   0.654
       7   0.653
       8   0.653
       9   0.653
      10   0.654
      11   0.652
      12   0.652
      13   0.652
      14   0.652
      15   0.651
      16   0.652
      17   0.651
      18   0.651
      19   0.664
      20   0.686
      21   0.699
      22   0.709
      23   0.708
      24   0.731
      25   0.745
      26   0.752
      27   0.777
      28   0.806
      29   0.826
      30   0.837
      31   0.874
      32   0.918
      33   0.916
      34   0.948
      35   1.022
      36   1.063
      37   1.085
      38   1.163
      39   1.254
      40   1.253
      41   1.364
      42    1.49
      43   1.637
      44   1.638
      45    1.76
      46   2.055
      47   2.055
      48   2.233
      49   2.413
      50   2.617
      51   2.619
      52   2.854
      53   3.083
      54   3.162
      55   3.323
      56   3.585
      57   3.871
      58   3.874
      59   4.184
      60   4.517
      61   4.639
      62   4.883
      63   5.268
      64    5.68
      65   5.825
      66   6.127
      67   6.598
      68   6.762
      69   7.098
      70   7.625
      71   7.998
      72   8.378
      73   8.773
      74   9.425
      75   9.433
      76    9.94
      77  10.319
      78  10.951
      79  11.176
      80  11.618
      81  12.297
      82  12.538
      83  13.248
      84  13.743
      85  14.733
      86  14.748
      87  15.536
      88  16.078
      89   16.09
      90   17.19
      91  17.759
      92  18.931
      93  18.944
      94  19.855
      95  20.475
      96  20.793
      97  21.732
      98  22.708
      99  23.366
     100  23.701
     101  24.725
     102  25.411
     103  25.776
     104  26.839
     105    27.9
     106  28.628
     107  29.003
     108   30.11
     109  31.253
     110  31.275
     111  32.418
     112  33.594
     113  34.385
     114  34.789
     115  35.597
     116  37.215
     117  37.227
     118   38.87
     119  39.717
     120  40.974
     121  40.994
     122  42.278
     123  43.594
     124  43.608
     125  44.905
     126  46.222
     127  47.564
     128  47.579
     129  49.387
     130  50.313
     131  50.771
     132  51.669
     133  52.585
     134  54.426
     135  54.447
     136  56.306
     137   57.27
     138  57.759
     139   58.95
     140  61.344
     141  62.551
     142   63.17
     143  64.397
     144  66.249
     145  66.879
     146  68.129
     147  70.608
     148  71.876
     149  72.518
     150   73.77
     151  75.637
     152  76.276
     153  78.261
     154  79.777
     155  82.053
     156   82.81
     157  84.331
     158  86.558
     159  88.836
     160  89.596
     161   91.12
     162  94.115
     163  94.118
     164  96.369
     165  98.606
     166 100.104
     167 100.854
     168 102.328
     169 104.581
     170 105.328
     171 107.554
     172 109.006
     173 111.933
     174 111.938
     175 114.256
     176 115.987
     177 115.996
     178 119.373
     179 121.032
     180 123.556
     181 124.379
     182 126.914
     183 128.555
     184 129.391
     185 132.074
     186 134.872
     187 136.726
     188 137.647
     189 140.396
     190 142.231
     191 144.055
     192 145.914
     193 148.955
     194 150.929
     195 151.899
     196 154.949
     197 158.059
     198  158.08
     199 161.377
     200 164.639
     201 166.761
     202  167.85
     203 171.071
     204 174.507
     205 174.505
     206 178.975
     207 181.371
     208 184.879
     209 186.017
     210 188.319
     211  191.73
     212 191.706
     213 195.209
     214 198.798
     215 202.487
     216 202.489
     217 207.273
     218 209.781
     219 210.992
     220 213.515
     221 217.337
     222 221.012
     223 221.002
     224 224.907
     225 228.336
     226 229.187
     227 231.033
     228 234.659
     229 236.598
     230 237.531
     231 239.452
     232 242.393
     233 243.365
     234 245.393
     235 249.572
     236 251.767
     237 252.879
     238 255.058
     239 259.741
     240 259.708
     241 262.153
     242 265.908
     243 269.547
     244 270.869
     245 273.603
     246 279.304
     247 279.254
     248 283.689
     249 286.761
     250 293.006
     251 292.978
     252 296.376
     253 303.667
     254 303.612
     255 305.353
