36.1 -194.21460233
22.8 -174.50343831
17.4 -172.50934597
29.6 -155.04889896
42.6  -54.98619504
12.7  -44.33117535
13.3  -28.19809125
36.8  -23.55636653
14.8  -22.01821452
54.2  -14.13258176
36.1  -14.04928735
17.4    -11.749248
16.5   -9.30617847
 7.1      -6.41942
13.3   -5.02164464
14.8   -0.03918395
22.8     1.4185872
26.9    1.69869845
16.5    3.36220003
 5.9    8.18283025
19.9    8.56556035
14.9   13.01332635
14.9    19.6448882
 7.1   20.26350912
12.7   20.43121712
26.9   22.19327355
14.9   32.16547693
16.6   33.47185143
36.8   39.40850472
36.8   67.30144884
74.8   67.93838467
12.7   70.27642359
10.9   77.16567792
12.7   77.48941888
10.9    87.8829664
74.8   94.28231973
12.7  101.96704024
12.7  102.34632573
12.7   136.7403614
43.0  137.16889725
 5.9  154.18119168
54.2  241.50826773
