   46.9449   44.2730
   50.2814   50.5910
   58.1494   61.0460
   66.5550   65.0460
   73.9571   76.8640
   83.0477   81.4090
   89.2490   88.0460
   41.0967   44.0450
   56.3529   52.8630
   67.8214   64.9540
   72.1810   73.1820
   75.7778   74.4540
   81.1740   81.6820
   84.8487   86.8180
   47.5872   48.8640
   57.6367   57.1820
   68.0745   66.0000
   75.4908   72.8180
   80.6595   80.5450
   84.2714   87.5910
   86.8248   87.8640
   50.5384   51.8640
   56.2047   54.5460
   63.5321   62.3640
   74.2548   73.1820
   79.9148   78.1820
   82.6789   86.8640
   89.9082   90.0910
   54.3091   53.0480
   64.2199   70.0480
   68.2516   66.6670
   74.7116   63.8570
   79.4549   78.5240
   84.3221   91.3810
   87.4402   88.7620
   47.5365   44.2860
   56.4118   58.0480
   69.8464   74.1910
   78.3938   76.9050
   83.7265   90.3810
   87.1036   73.7620
   89.2930   95.6200
   45.6540   46.1420
   56.7411   55.8090
   72.4296   78.2380
   75.9881   64.2850
   78.9152   82.3330
   81.3242   83.3330
   87.4656   87.2850
   37.6130   40.5710
   52.6371   51.3810
   67.7013   62.6190
   77.2759   80.0000
   80.5740   75.5240
   85.2071   91.1900
   86.8298   89.3330
   45.1668   47.4550
   60.7469   57.2730
   66.7767   64.5910
   71.7125   70.6820
   75.7125   76.2280
   78.9424   79.6820
   86.7948   88.1370
   40.4464   38.8180
   51.9743   52.5450
   61.5996   64.6820
   69.1564   68.3630
   74.9134   74.3630
   82.5253   82.1820
   89.5048   87.8180
   52.2592   48.6360
   60.4334   61.8180
   67.1336   69.0000
   82.7017   84.6360
   86.4602   86.0450
   90.4732   95.5000
   93.1289   85.3180
   56.7890   55.0910
   65.3669   64.0000
   74.6896   77.7270
   82.3575   81.8640
   89.4169   91.2270
   91.0357   92.2270
   92.7107   97.4550
   24.7823   22.4670
   37.9898   37.7340
   46.5616   50.2670
   54.3326   55.8670
   66.7456   66.0000
   81.0118   79.8670
   87.4646   86.1340
   27.8260   26.0670
   53.5011   56.6670
   71.0994   70.4000
   76.7462   75.4000
   83.9744   84.9330
   90.2958   92.2670
   93.0464   90.0000
   34.5035   36.4000
   52.5815   51.3330
   60.0731   59.5330
   71.4303   68.6000
   78.8686   79.6660
   86.8581   89.2660
   90.4322   94.2660
   31.7235   30.9330
   39.3006   40.2000
   46.5850   50.0670
   59.2322   56.9330
   68.8231   65.3330
   75.7270   80.6000
   86.5965   83.7330
   24.4386   20.3750
   29.5965   30.5000
   45.2440   46.5630
   58.6865   64.6250
   62.4259   66.1880
   71.4809   63.9380
   84.4851   80.3750
   29.3294   27.2500
   43.8913   49.0620
   62.0746   59.9370
   66.7052   64.5620
   79.2771   80.6870
   85.7618   86.3750
   89.2219   89.6870
   40.7600   40.5260
   47.0419   48.7890
   58.1296   57.4210
   66.8939   64.9470
   73.5177   75.8940
   82.0838   79.1050
   84.8016   85.8420
   47.3590   46.3160
   60.7209   60.0530
   70.5320   67.1580
   77.3701   80.4210
   82.0819   91.5790
   87.6518   84.3160
   91.3536   83.8950
   25.2321   25.0630
   34.1065   33.1880
   42.9726   47.8750
   51.2047   50.2500
   64.6105   60.8750
   73.9263   70.5000
   82.4301   87.0000
   46.9648   45.0000
   68.8391   68.2630
   77.4724   84.5260
   82.9626   82.3680
   86.4935   88.3160
   91.4319   84.2630
   92.6847   94.3160
   41.7687   39.1050
   47.3294   51.2630
   57.2695   59.1050
   65.3644   62.8420
   71.7033   69.0000
   85.3854   90.7370
   91.5744   89.2100
   34.4034   28.6880
   41.0578   44.0630
   53.2943   57.5000
   63.2749   71.9380
   70.9066   68.3130
   80.7594   68.6880
   86.1607   89.2500
