   27.4827   55.7270
   25.3616   49.4090
   22.3520   38.9540
   20.0320   34.9540
   18.3489   23.1360
   16.5365   18.5910
   15.2764   11.9540
   34.7602   55.9550
   26.3570   47.1370
   22.2154   35.0460
   20.8103   26.8180
   19.3975   25.5460
   17.5437   18.3180
   16.4241   13.1820
   35.3656   51.1360
   29.2450   42.8180
   24.5279   34.0000
   21.9098   27.1820
   20.2248   19.4550
   19.1474   12.4090
   18.3187   12.1360
   35.8100   48.1360
   33.0722   45.4540
   29.5555   37.6360
   25.4347   26.8180
   23.5672   21.8180
   22.6956   13.1360
   20.3217    9.9090
   42.7939   46.9520
   39.0025   29.9520
   37.1041   33.3330
   34.8812   36.1430
   32.0347   21.4760
   28.1674    8.6190
   23.9562   11.2380
   46.1193   55.7140
   41.7259   41.9520
   35.0830   25.8090
   29.2450   23.0950
   22.5578    9.6190
   19.5549   26.2380
   17.9582    4.3800
   35.1233   53.8580
   27.7482   44.1910
   22.2837   21.7620
   21.6402   35.7150
   20.5488   17.6670
   19.9041   16.6670
   18.3792   12.7150
   34.7199   59.4290
   27.8623   48.6190
   22.0454   37.3810
   19.2409   20.0000
   18.5617   24.4760
   17.1358    8.8100
   16.7346   10.6670
   28.6274   52.5450
   24.5999   42.7270
   23.3213   35.4090
   22.3863   29.3180
   21.6066   23.7720
   21.0738   20.3180
   18.2281   11.8630
   27.7482   61.1820
   22.7993   47.4550
   20.3541   35.3180
   19.2097   31.6370
   17.7205   25.6370
   16.5647   17.8180
   15.2498   12.1820
   31.9949   51.3640
   27.5964   38.1820
   24.8163   31.0000
   22.0793   15.3640
   21.8760   13.9550
   20.4189    4.5000
   24.2412   14.6820
   36.9018   44.9090
   33.5933   36.0000
   31.2417   22.2730
   29.6333   18.1360
   27.4071    8.7730
   26.6552    7.7730
   25.1064    2.5450
   63.3919   77.5330
   49.3970   62.2660
   42.8333   49.7330
   37.1041   44.1330
   29.7501   34.0000
   21.1731   20.1330
   17.8688   13.8660
   62.9589   73.9330
   41.4476   43.3330
   30.8077   29.6000
   28.7814   24.6000
   31.6376   15.0670
   29.4778    7.7330
   24.5999   10.0000
   59.7651   63.6000
   41.1288   48.6670
   36.3356   40.4670
   29.5166   31.4000
   24.8163   20.3340
   19.7766   10.7340
   17.3098    5.7340
   66.5875   69.0670
   59.1369   59.8000
   53.0544   49.9330
   43.7347   43.0670
   36.0930   34.6670
   32.9521   19.4000
   23.2514   16.2670
   71.5823   79.6250
   68.0712   69.5000
   55.8538   53.4370
   43.7737   35.3750
   46.0435   33.8120
   55.1029   36.0620
   37.2658   19.6250
   71.0305   72.7500
   60.0835   50.9380
   44.0074   40.0630
   39.3650   35.4380
   30.0623   19.3130
   24.3844   13.6250
   21.4059   10.3130
   67.7595   59.4740
   58.8796   51.2110
   51.1823   42.5790
   40.7694   35.0530
   31.3999   24.1060
   17.9880   20.8950
   17.9880   14.1580
   67.4813   53.6840
   47.9476   39.9470
   35.8908   32.8420
   27.5964   19.5790
   21.9775    8.4210
   17.8688   15.6840
   15.4903   16.1050
   71.3968   74.9370
   66.0238   66.8120
   57.7070   52.1250
   51.9292   49.7500
   42.6363   39.1250
   35.1637   29.5000
   28.0147   13.0000
   43.4612   55.0000
   29.6333   31.7370
   28.0147   15.4740
   27.4449   17.6320
   26.2826   11.6840
   24.9612   15.7370
   23.8498    5.6840
   46.8347   60.8950
   34.3170   48.7370
   28.0147   40.8950
   24.4920   37.1580
   21.8085   31.0000
   17.2517    9.2630
   14.8811   10.7900
   68.0937   71.3120
   57.7070   55.9370
   46.0435   42.5000
   39.9279   28.0620
   40.2890   31.6870
   37.1445   31.3120
   27.7482   10.7500
