   36.5409   46.7790
   31.0062   39.0650
   19.4832   24.8500
   10.6677   18.9570
    6.2187    6.5290
    2.8313    1.8150
    1.5309    5.1720
   38.4419   39.5590
   35.0566   36.4520
   14.4776   23.2370
   10.6929   20.8800
    7.5995   19.2730
    4.7515    7.3440
    2.9834    4.4160
   35.0468   42.2860
   27.1615   25.3930
   22.1357   22.1790
   12.7612   13.4640
    7.7196    7.5000
    5.7013    0.5360
    4.1771    4.9290
   40.6657   46.3860
   37.4321   38.7070
   31.9959   25.4570
   19.4211   19.3500
   13.0660    7.8860
   10.7381    6.1000
    4.7635    1.1720
   14.2514   35.0360
    4.6600   20.3810
    3.4835   18.0710
    2.2383   18.4500
    1.6982   10.0360
    1.1912   -1.0330
    1.0063    0.8290
   28.0930   41.9140
   14.2031   21.6380
    5.8481    5.1560
    3.4883    4.7070
    2.2689   -5.4650
    1.8775    7.2240
    1.2961   -6.0860
   38.9876   35.8100
   22.2552   20.7070
    7.5918    5.3960
    6.0718   10.5340
    4.7384    1.1890
    3.9339   -3.0870
    2.3492   -1.3620
   42.6564   45.8670
   34.2337   34.4880
   18.2858   14.9020
   11.0105    4.4880
    9.5708    3.1430
    4.8275    3.2810
    4.3476   -0.3050
   38.3437   37.5710
   24.0279   22.6020
   16.6784   13.3520
   12.6109   11.2580
   10.3746    5.5710
    6.7570    2.9770
    3.9337    1.6020
   44.8059   49.6820
   41.1975   34.9630
   34.2362   22.9630
   26.3075   21.3690
   13.6230   13.5880
    7.9774   13.0880
    3.4327    7.8690
   42.2584   33.9630
   32.4047   20.4010
   18.4362   12.1820
    6.3565    2.4010
    4.2476   -2.5680
    1.6869   -6.5370
    2.0331    1.4940
   34.9436   33.2190
   19.0034   11.9370
   10.5175    1.1870
    6.5426    0.7190
    3.1781   -6.0310
    2.6088   -5.0000
    1.7460   -7.5310
