   18.6586   46.7790
   15.4679   39.0650
   11.0065   24.8500
    7.9216   18.9570
    5.9964    6.5290
    4.2655    1.8150
    3.2756    5.1720
   27.6066   39.5590
   16.9757   36.4520
   10.8135   23.2370
    8.9066   20.8800
    7.1615   19.2730
    5.1824    7.3440
    4.1701    4.4160
   28.1496   42.2860
   21.1863   25.3930
   14.2060   22.1790
   10.3862   13.4640
    8.1604    7.5000
    6.8731    0.5360
    5.9646    4.9290
   28.5281   46.3860
   25.9206   38.7070
   21.6129   25.4570
   15.5788   19.3500
   12.7693    7.8860
   11.4970    6.1000
    8.2817    1.1720
   32.5476   35.0360
   30.7763   20.3810
   29.5355   18.0710
   27.7177   18.4500
   24.7579   10.0360
   19.6598   -1.0330
   13.3477    0.8290
   33.5207   41.9140
   32.1312   21.6380
   27.9001    5.1560
   21.1863    4.7070
   11.2994   -5.4650
    7.3463    7.2240
    5.5925   -6.0860
   27.9362   35.8100
   19.0493   20.7070
   10.9098    5.3960
   10.0147   10.5340
    8.5695    1.1890
    7.7651   -3.0870
    6.0285   -1.3620
   27.5693   45.8670
   19.2163   34.4880
   10.5749   14.9020
    6.9802    4.4880
    6.2234    3.1430
    4.7975    3.2810
    4.4369   -0.3050
   20.3197   37.5710
   14.3145   22.6020
   12.4068   13.3520
   11.0550   11.2580
    9.9688    5.5710
    9.2522    2.9770
    5.8698    1.6020
   19.0493   49.6820
   11.6463   34.9630
    8.3224   22.9630
    6.9443   21.3690
    5.3551   13.5880
    4.2896   13.0880
    3.2565    7.8690
   24.7115   33.9630
   18.8262   20.4010
   14.6416   12.1820
   10.6224    2.4010
   10.3393   -2.5680
    8.4042   -6.5370
   13.7745    1.4940
   29.3871   33.2190
   26.4683   11.9370
   23.8060    1.1870
   21.7187    0.7190
   18.5468   -6.0310
   17.4249   -5.0000
   15.0809   -7.5310
