   36.5409   18.6586
   31.0062   15.4679
   19.4832   11.0065
   10.6677    7.9216
    6.2187    5.9964
    2.8313    4.2655
    1.5309    3.2756
   38.4419   27.6066
   35.0566   16.9757
   14.4776   10.8135
   10.6929    8.9066
    7.5995    7.1615
    4.7515    5.1824
    2.9834    4.1701
   35.0468   28.1496
   27.1615   21.1863
   22.1357   14.2060
   12.7612   10.3862
    7.7196    8.1604
    5.7013    6.8731
    4.1771    5.9646
   40.6657   28.5281
   37.4321   25.9206
   31.9959   21.6129
   19.4211   15.5788
   13.0660   12.7693
   10.7381   11.4970
    4.7635    8.2817
   14.2514   32.5476
    4.6600   30.7763
    3.4835   29.5355
    2.2383   27.7177
    1.6982   24.7579
    1.1912   19.6598
    1.0063   13.3477
   28.0930   33.5207
   14.2031   32.1312
    5.8481   27.9001
    3.4883   21.1863
    2.2689   11.2994
    1.8775    7.3463
    1.2961    5.5925
   38.9876   27.9362
   22.2552   19.0493
    7.5918   10.9098
    6.0718   10.0147
    4.7384    8.5695
    3.9339    7.7651
    2.3492    6.0285
   42.6564   27.5693
   34.2337   19.2163
   18.2858   10.5749
   11.0105    6.9802
    9.5708    6.2234
    4.8275    4.7975
    4.3476    4.4369
   38.3437   20.3197
   24.0279   14.3145
   16.6784   12.4068
   12.6109   11.0550
   10.3746    9.9688
    6.7570    9.2522
    3.9337    5.8698
   44.8059   19.0493
   41.1975   11.6463
   34.2362    8.3224
   26.3075    6.9443
   13.6230    5.3551
    7.9774    4.2896
    3.4327    3.2565
   42.2584   24.7115
   32.4047   18.8262
   18.4362   14.6416
    6.3565   10.6224
    4.2476   10.3393
    1.6869    8.4042
    2.0331   13.7745
   34.9436   29.3871
   19.0034   26.4683
   10.5175   23.8060
    6.5426   21.7187
    3.1781   18.5468
    2.6088   17.4249
    1.7460   15.0809
