   45.0373   55.7270
   39.9854   49.4090
   31.5324   38.9540
   24.6756   34.9540
   20.1121   23.1360
   14.9564   18.5910
   11.8087   11.9540
   47.2028   55.9550
   43.5401   47.1370
   27.8295   35.0460
   24.6980   26.8180
   21.6870   25.5460
   18.1815   18.3180
   15.2564   13.1820
   43.5306   51.1360
   37.0253   42.8180
   33.4157   34.0000
   26.4618   27.1820
   21.8156   19.4550
   19.4674   12.4090
   17.3229   12.1360
   50.3041   48.1360
   46.0114   45.4540
   40.8004   37.6360
   31.4880   26.8180
   26.7101   21.8180
   24.7382   13.1360
   18.1988    9.9090
   27.6532   46.9520
   18.0494   29.9520
   16.1776   33.3330
   13.6738   36.1430
   12.2937   21.4760
   10.7047    8.6190
   10.0152   11.2380
   37.7191   55.7140
   27.6154   41.9520
   19.6540   25.8090
   16.1861   23.0950
   13.7451    9.6190
   12.7802   26.2380
   11.0652    4.3800
   47.8940   53.8580
   33.5003   44.1910
   21.6787   21.7620
   19.9325   35.7150
   18.1627   17.6670
   16.9363   16.6670
   13.9293   12.7150
   54.1010   59.4290
   42.7641   48.6190
   30.6719   37.3810
   24.9790   20.0000
   23.6690   24.4760
   18.2901    8.8100
   17.5852   10.6670
   47.0822   52.5450
   34.7582   42.7270
   29.4964   35.4090
   26.3383   29.3180
   24.4121   23.7720
   20.7488   20.3180
   16.9361   11.8630
   61.9231   61.1820
   51.1885   47.4550
   42.7664   35.3180
   36.3989   31.6370
   27.1575   25.6370
   22.0879   17.8180
   16.0882   12.1820
   53.2163   51.3640
   41.1456   38.1820
   30.7805   31.0000
   20.2782   15.3640
   17.4322   13.9550
   12.2620    4.5000
   13.1783   14.6820
   43.4314   44.9090
   31.1888   36.0000
   24.5410   22.2730
   20.4991   18.1360
   15.6261    8.7730
   14.4978    7.7730
   12.4267    2.5450
   64.6344   77.5330
   55.0532   62.2660
   48.8807   49.7330
   42.4763   44.1330
   33.4907   34.0000
   20.5200   20.1330
   15.1573   13.8660
   65.8343   73.9330
   46.1571   43.3330
   31.8561   29.6000
   26.4913   24.6000
   21.9769   15.0670
   17.9251    7.7330
   15.0691   10.0000
   63.7242   63.6000
   50.2664   48.6670
   45.5758   40.4670
   37.5540   31.4000
   28.6884   20.3340
   21.8278   10.7340
   18.5271    5.7340
   68.9687   69.0670
   66.1485   59.8000
   63.6775   49.9330
   58.9870   43.0670
   51.7952   34.6670
   48.5150   19.4000
   33.1669   16.2670
   65.9338   79.6250
   61.3179   69.5000
   48.9714   53.4370
   38.5138   35.3750
   37.1224   33.8120
   33.4743   36.0620
   25.1627   19.6250
   68.7467   72.7500
   59.5187   50.9380
   46.9296   40.0630
   42.3380   35.4380
   30.6152   19.3130
   21.6545   13.6250
   17.5313   10.3130
   66.1974   59.4740
   61.8585   51.2110
   52.1769   42.5790
   43.3931   35.0530
   38.5830   24.1060
   29.8270   20.8950
   23.7202   14.1580
   63.2893   53.6840
   45.2758   39.9470
   34.0974   32.8420
   25.1198   19.5790
   20.2466    8.4210
   18.9089   15.6840
   16.5789   16.1050
   66.7648   74.9370
   57.0406   66.8120
   49.4221   52.1250
   43.5096   49.7500
   35.6064   39.1250
   28.7843   29.5000
   21.7976   13.0000
   54.5715   55.0000
   16.7658   31.7370
   12.9456   15.4740
   12.4346   17.6320
   10.8576   11.6840
   10.7828   15.7370
    9.9024    5.6840
   62.1763   60.8950
   41.4166   48.7370
   33.4251   40.8950
   28.0108   37.1580
   23.7212   31.0000
   14.6675    9.2630
   11.7002   10.7900
   59.0236   71.3120
   43.7946   55.9370
   28.4830   42.5000
   22.6506   28.0620
   22.2907   31.6870
   18.5457   31.3120
   12.6621   10.7500