   27.4827   45.0373
   25.3616   39.9854
   22.3520   31.5324
   20.0320   24.6756
   18.3489   20.1121
   16.5365   14.9564
   15.2764   11.8087
   34.7602   47.2028
   26.3570   43.5401
   22.2154   27.8295
   20.8103   24.6980
   19.3975   21.6870
   17.5437   18.1815
   16.4241   15.2564
   35.3656   43.5306
   29.2450   37.0253
   24.5279   33.4157
   21.9098   26.4618
   20.2248   21.8156
   19.1474   19.4674
   18.3187   17.3229
   35.8100   50.3041
   33.0722   46.0114
   29.5555   40.8004
   25.4347   31.4880
   23.5672   26.7101
   22.6956   24.7382
   20.3217   18.1988
   42.7939   27.6532
   39.0025   18.0494
   37.1041   16.1776
   34.8812   13.6738
   32.0347   12.2937
   28.1674   10.7047
   23.9562   10.0152
   46.1193   37.7191
   41.7259   27.6154
   35.0830   19.6540
   29.2450   16.1861
   22.5578   13.7451
   19.5549   12.7802
   17.9582   11.0652
   35.1233   47.8940
   27.7482   33.5003
   22.2837   21.6787
   21.6402   19.9325
   20.5488   18.1627
   19.9041   16.9363
   18.3792   13.9293
   34.7199   54.1010
   27.8623   42.7641
   22.0454   30.6719
   19.2409   24.9790
   18.5617   23.6690
   17.1358   18.2901
   16.7346   17.5852
   28.6274   47.0822
   24.5999   34.7582
   23.3213   29.4964
   22.3863   26.3383
   21.6066   24.4121
   21.0738   20.7488
   18.2281   16.9361
   27.7482   61.9231
   22.7993   51.1885
   20.3541   42.7664
   19.2097   36.3989
   17.7205   27.1575
   16.5647   22.0879
   15.2498   16.0882
   31.9949   53.2163
   27.5964   41.1456
   24.8163   30.7805
   22.0793   20.2782
   21.8760   17.4322
   20.4189   12.2620
   24.2412   13.1783
   36.9018   43.4314
   33.5933   31.1888
   31.2417   24.5410
   29.6333   20.4991
   27.4071   15.6261
   26.6552   14.4978
   25.1064   12.4267
   63.3919   64.6344
   49.3970   55.0532
   42.8333   48.8807
   37.1041   42.4763
   29.7501   33.4907
   21.1731   20.5200
   17.8688   15.1573
   62.9589   65.8343
   41.4476   46.1571
   30.8077   31.8561
   28.7814   26.4913
   31.6376   21.9769
   29.4778   17.9251
   24.5999   15.0691
   59.7651   63.7242
   41.1288   50.2664
   36.3356   45.5758
   29.5166   37.5540
   24.8163   28.6884
   19.7766   21.8278
   17.3098   18.5271
   66.5875   68.9687
   59.1369   66.1485
   53.0544   63.6775
   43.7347   58.9870
   36.0930   51.7952
   32.9521   48.5150
   23.2514   33.1669
   71.5823   65.9338
   68.0712   61.3179
   55.8538   48.9714
   43.7737   38.5138
   46.0435   37.1224
   55.1029   33.4743
   37.2658   25.1627
   71.0305   68.7467
   60.0835   59.5187
   44.0074   46.9296
   39.3650   42.3380
   30.0623   30.6152
   24.3844   21.6545
   21.4059   17.5313
   67.7595   66.1974
   58.8796   61.8585
   51.1823   52.1769
   40.7694   43.3931
   31.3999   38.5830
   17.9880   29.8270
   17.9880   23.7202
   67.4813   63.2893
   47.9476   45.2758
   35.8908   34.0974
   27.5964   25.1198
   21.9775   20.2466
   17.8688   18.9089
   15.4903   16.5789
   71.3968   66.7648
   66.0238   57.0406
   57.7070   49.4221
   51.9292   43.5096
   42.6363   35.6064
   35.1637   28.7843
   28.0147   21.7976
   43.4612   54.5715
   29.6333   16.7658
   28.0147   12.9456
   27.4449   12.4346
   26.2826   10.8576
   24.9612   10.7828
   23.8498    9.9024
   46.8347   62.1763
   34.3170   41.4166
   28.0147   33.4251
   24.4920   28.0108
   21.8085   23.7212
   17.2517   14.6675
   14.8811   11.7002
   68.0937   59.0236
   57.7070   43.7946
   46.0435   28.4830
   39.9279   22.6506
   40.2890   22.2907
   37.1445   18.5457
   27.7482   12.6621
