0.310000	0.006694
0.320000	0.017794
0.330000	0.028969
0.340000	0.040220
0.350000	0.051547
0.360000	0.062951
0.370000	0.074434
0.380000	0.085996
0.390000	0.097637
0.400000	0.109359
0.410000	0.121162
0.420000	0.133047
0.430000	0.145016
0.440000	0.157069
0.450000	0.169206
0.460000	0.181429
0.470000	0.193739
0.480000	0.206137
0.490000	0.218623
0.500000	0.231198
0.510000	0.243864
0.520000	0.256622
0.530000	0.269472
0.540000	0.282415
0.550000	0.295453
0.560000	0.308586
0.570000	0.321816
0.580000	0.335144
0.590000	0.348570
0.600000	0.362096
0.610000	0.375723
0.620000	0.389452
0.630000	0.403284
0.640000	0.417221
0.650000	0.431263
0.660000	0.445412
0.670000	0.459669
0.680000	0.474036
0.690000	0.488512
0.700000	0.503101
0.710000	0.517803
0.720000	0.532619
0.730000	0.547550
0.740000	0.562599
0.750000	0.577767
0.760000	0.593054
0.770000	0.608463
0.780000	0.623994
0.790000	0.639650
0.800000	0.655431
0.810000	0.671340
0.820000	0.687377
0.830000	0.703545
0.840000	0.719845
0.850000	0.736278
0.860000	0.752847
0.870000	0.769552
0.880000	0.786396
0.890000	0.803381
0.900000	0.820507
0.910000	0.837778
0.920000	0.855194
0.930000	0.872758
0.940000	0.890471
0.950000	0.908336
0.960000	0.926354
0.970000	0.944528
0.980000	0.962858
0.990000	0.981348
1.000000	1.000000
