0.160000	0.008801
0.170000	0.019079
0.180000	0.029388
0.190000	0.039730
0.200000	0.050105
0.210000	0.060512
0.220000	0.070951
0.230000	0.081423
0.240000	0.091928
0.250000	0.102466
0.260000	0.113037
0.270000	0.123642
0.280000	0.134280
0.290000	0.144952
0.300000	0.155658
0.310000	0.166398
0.320000	0.177172
0.330000	0.187980
0.340000	0.198823
0.350000	0.209700
0.360000	0.220613
0.370000	0.231560
0.380000	0.242543
0.390000	0.253560
0.400000	0.264614
0.410000	0.275703
0.420000	0.286828
0.430000	0.297989
0.440000	0.309186
0.450000	0.320419
0.460000	0.331690
0.470000	0.342996
0.480000	0.354340
0.490000	0.365721
0.500000	0.377139
0.510000	0.388595
0.520000	0.400088
0.530000	0.411619
0.540000	0.423189
0.550000	0.434796
0.560000	0.446442
0.570000	0.458126
0.580000	0.469849
0.590000	0.481611
0.600000	0.493413
0.610000	0.505254
0.620000	0.517134
0.630000	0.529054
0.640000	0.541014
0.650000	0.553014
0.660000	0.565055
0.670000	0.577136
0.680000	0.589258
0.690000	0.601421
0.700000	0.613625
0.710000	0.625870
0.720000	0.638158
0.730000	0.650486
0.740000	0.662858
0.750000	0.675271
0.760000	0.687727
0.770000	0.700225
0.780000	0.712766
0.790000	0.725351
0.800000	0.737979
0.810000	0.750650
0.820000	0.763366
0.830000	0.776125
0.840000	0.788929
0.850000	0.801777
0.860000	0.814669
0.870000	0.827607
0.880000	0.840590
0.890000	0.853619
0.900000	0.866693
0.910000	0.879813
0.920000	0.892979
0.930000	0.906192
0.940000	0.919451
0.950000	0.932757
0.960000	0.946110
0.970000	0.959511
0.980000	0.972959
0.990000	0.986456
1.000000	1.000000
