0.110000	0.010033
0.120000	0.020164
0.130000	0.030317
0.140000	0.040490
0.150000	0.050683
0.160000	0.060897
0.170000	0.071132
0.180000	0.081388
0.190000	0.091665
0.200000	0.101963
0.210000	0.112282
0.220000	0.122622
0.230000	0.132983
0.240000	0.143366
0.250000	0.153770
0.260000	0.164195
0.270000	0.174641
0.280000	0.185109
0.290000	0.195599
0.300000	0.206110
0.310000	0.216643
0.320000	0.227198
0.330000	0.237775
0.340000	0.248374
0.350000	0.258994
0.360000	0.269637
0.370000	0.280302
0.380000	0.290988
0.390000	0.301698
0.400000	0.312429
0.410000	0.323183
0.420000	0.333959
0.430000	0.344758
0.440000	0.355580
0.450000	0.366424
0.460000	0.377291
0.470000	0.388181
0.480000	0.399094
0.490000	0.410029
0.500000	0.420988
0.510000	0.431970
0.520000	0.442975
0.530000	0.454003
0.540000	0.465055
0.550000	0.476130
0.560000	0.487228
0.570000	0.498350
0.580000	0.509496
0.590000	0.520665
0.600000	0.531859
0.610000	0.543076
0.620000	0.554317
0.630000	0.565582
0.640000	0.576871
0.650000	0.588184
0.660000	0.599521
0.670000	0.610883
0.680000	0.622269
0.690000	0.633680
0.700000	0.645115
0.710000	0.656575
0.720000	0.668060
0.730000	0.679569
0.740000	0.691104
0.750000	0.702663
0.760000	0.714247
0.770000	0.725857
0.780000	0.737491
0.790000	0.749151
0.800000	0.760837
0.810000	0.772547
0.820000	0.784284
0.830000	0.796045
0.840000	0.807833
0.850000	0.819646
0.860000	0.831486
0.870000	0.843351
0.880000	0.855242
0.890000	0.867159
0.900000	0.879103
0.910000	0.891073
0.920000	0.903069
0.930000	0.915092
0.940000	0.927141
0.950000	0.939217
0.960000	0.951320
0.970000	0.963450
0.980000	0.975606
0.990000	0.987789
1.000000	1.000000
