0.000000	0.151413
0.010000	0.161169
0.020000	0.170895
0.030000	0.180592
0.040000	0.190260
0.050000	0.199899
0.060000	0.209509
0.070000	0.219090
0.080000	0.228643
0.090000	0.238167
0.100000	0.247663
0.110000	0.257130
0.120000	0.266569
0.130000	0.275980
0.140000	0.285363
0.150000	0.294719
0.160000	0.304047
0.170000	0.313347
0.180000	0.322620
0.190000	0.331865
0.200000	0.341084
0.210000	0.350275
0.220000	0.359439
0.230000	0.368577
0.240000	0.377688
0.250000	0.386772
0.260000	0.395830
0.270000	0.404861
0.280000	0.413866
0.290000	0.422846
0.300000	0.431799
0.310000	0.440726
0.320000	0.449627
0.330000	0.458503
0.340000	0.467353
0.350000	0.476178
0.360000	0.484977
0.370000	0.493751
0.380000	0.502500
0.390000	0.511224
0.400000	0.519923
0.410000	0.528598
0.420000	0.537247
0.430000	0.545872
0.440000	0.554473
0.450000	0.563049
0.460000	0.571601
0.470000	0.580128
0.480000	0.588632
0.490000	0.597112
0.500000	0.605567
0.510000	0.613999
0.520000	0.622408
0.530000	0.630792
0.540000	0.639154
0.550000	0.647491
0.560000	0.655806
0.570000	0.664098
0.580000	0.672366
0.590000	0.680611
0.600000	0.688834
0.610000	0.697033
0.620000	0.705210
0.630000	0.713365
0.640000	0.721497
0.650000	0.729606
0.660000	0.737693
0.670000	0.745758
0.680000	0.753801
0.690000	0.761821
0.700000	0.769820
0.710000	0.777797
0.720000	0.785752
0.730000	0.793686
0.740000	0.801597
0.750000	0.809488
0.760000	0.817356
0.770000	0.825204
0.780000	0.833030
0.790000	0.840835
0.800000	0.848619
0.810000	0.856382
0.820000	0.864124
0.830000	0.871846
0.840000	0.879546
0.850000	0.887226
0.860000	0.894885
0.870000	0.902524
0.880000	0.910142
0.890000	0.917740
0.900000	0.925318
0.910000	0.932876
0.920000	0.940413
0.930000	0.947931
0.940000	0.955429
0.950000	0.962906
0.960000	0.970364
0.970000	0.977803
0.980000	0.985221
0.990000	0.992620
1.000000	1.000000
