0.000000	0.100078
0.010000	0.109968
0.020000	0.119838
0.030000	0.129688
0.040000	0.139519
0.050000	0.149330
0.060000	0.159122
0.070000	0.168895
0.080000	0.178647
0.090000	0.188381
0.100000	0.198095
0.110000	0.207790
0.120000	0.217466
0.130000	0.227123
0.140000	0.236760
0.150000	0.246379
0.160000	0.255979
0.170000	0.265560
0.180000	0.275122
0.190000	0.284665
0.200000	0.294189
0.210000	0.303695
0.220000	0.313182
0.230000	0.322651
0.240000	0.332101
0.250000	0.341533
0.260000	0.350946
0.270000	0.360341
0.280000	0.369718
0.290000	0.379076
0.300000	0.388416
0.310000	0.397738
0.320000	0.407042
0.330000	0.416328
0.340000	0.425596
0.350000	0.434846
0.360000	0.444078
0.370000	0.453293
0.380000	0.462489
0.390000	0.471668
0.400000	0.480830
0.410000	0.489973
0.420000	0.499099
0.430000	0.508208
0.440000	0.517299
0.450000	0.526373
0.460000	0.535429
0.470000	0.544468
0.480000	0.553490
0.490000	0.562494
0.500000	0.571481
0.510000	0.580452
0.520000	0.589405
0.530000	0.598341
0.540000	0.607260
0.550000	0.616162
0.560000	0.625048
0.570000	0.633916
0.580000	0.642768
0.590000	0.651603
0.600000	0.660422
0.610000	0.669223
0.620000	0.678009
0.630000	0.686777
0.640000	0.695529
0.650000	0.704265
0.660000	0.712984
0.670000	0.721687
0.680000	0.730374
0.690000	0.739044
0.700000	0.747698
0.710000	0.756336
0.720000	0.764958
0.730000	0.773564
0.740000	0.782153
0.750000	0.790727
0.760000	0.799285
0.770000	0.807827
0.780000	0.816353
0.790000	0.824863
0.800000	0.833357
0.810000	0.841836
0.820000	0.850299
0.830000	0.858746
0.840000	0.867178
0.850000	0.875594
0.860000	0.883995
0.870000	0.892380
0.880000	0.900750
0.890000	0.909105
0.900000	0.917444
0.910000	0.925767
0.920000	0.934076
0.930000	0.942369
0.940000	0.950647
0.950000	0.958910
0.960000	0.967158
0.970000	0.975391
0.980000	0.983609
0.990000	0.991812
1.000000	1.000000
