0.000000	0.303937
0.010000	0.312985
0.020000	0.321979
0.030000	0.330919
0.040000	0.339805
0.050000	0.348638
0.060000	0.357419
0.070000	0.366147
0.080000	0.374823
0.090000	0.383448
0.100000	0.392022
0.110000	0.400545
0.120000	0.409019
0.130000	0.417443
0.140000	0.425818
0.150000	0.434144
0.160000	0.442422
0.170000	0.450652
0.180000	0.458834
0.190000	0.466970
0.200000	0.475059
0.210000	0.483102
0.220000	0.491099
0.230000	0.499050
0.240000	0.506957
0.250000	0.514819
0.260000	0.522636
0.270000	0.530410
0.280000	0.538140
0.290000	0.545827
0.300000	0.553471
0.310000	0.561072
0.320000	0.568632
0.330000	0.576149
0.340000	0.583626
0.350000	0.591061
0.360000	0.598455
0.370000	0.605809
0.380000	0.613123
0.390000	0.620398
0.400000	0.627632
0.410000	0.634828
0.420000	0.641985
0.430000	0.649103
0.440000	0.656184
0.450000	0.663226
0.460000	0.670231
0.470000	0.677199
0.480000	0.684129
0.490000	0.691023
0.500000	0.697881
0.510000	0.704702
0.520000	0.711488
0.530000	0.718238
0.540000	0.724953
0.550000	0.731633
0.560000	0.738278
0.570000	0.744889
0.580000	0.751466
0.590000	0.758009
0.600000	0.764518
0.610000	0.770993
0.620000	0.777436
0.630000	0.783846
0.640000	0.790223
0.650000	0.796568
0.660000	0.802880
0.670000	0.809161
0.680000	0.815410
0.690000	0.821628
0.700000	0.827814
0.710000	0.833970
0.720000	0.840095
0.730000	0.846189
0.740000	0.852254
0.750000	0.858288
0.760000	0.864292
0.770000	0.870267
0.780000	0.876212
0.790000	0.882129
0.800000	0.888016
0.810000	0.893875
0.820000	0.899705
0.830000	0.905507
0.840000	0.911281
0.850000	0.917026
0.860000	0.922745
0.870000	0.928435
0.880000	0.934099
0.890000	0.939735
0.900000	0.945344
0.910000	0.950927
0.920000	0.956483
0.930000	0.962013
0.940000	0.967517
0.950000	0.972994
0.960000	0.978446
0.970000	0.983873
0.980000	0.989274
0.990000	0.994649
1.000000	1.000000
