 57.8451  34.357
 60.9082  42.071
 65.4804  56.286
 69.2188  62.179
 72.0675  74.607
 75.2838  79.321
  77.623  75.964
 48.1138  42.714
 59.4557  45.821
  65.695  59.036
 67.9417  61.393
 70.2782      63
 73.4762  74.929
 75.4889  77.857
 47.3485  35.214
 55.3868  52.107
 62.1464  55.321
 66.1775  64.036
 68.9001      70
 70.7006  76.964
 72.1199  72.571
 46.7902   35.25
 50.2796  42.929
 54.9612  56.179
 60.8005  62.286
 63.5996   73.75
 64.9436  75.536
 68.7406  80.464
  38.356  39.345
 42.8623      54
 45.1813   56.31
 47.9604  55.931
 51.6356  64.345
 56.8812  75.414
 63.0077  73.552
 34.5121  33.276
 39.6104  53.552
 47.7051  70.034
 55.3868  70.483
 65.1584  80.655
 70.0138  67.966
 72.7472  81.276
 47.6541      40
 57.4699  55.103
 65.5877  70.414
  66.606  65.276
  68.368  74.621
  69.431  78.897
 72.0151  77.172
  48.165  30.276
 57.3093  41.655
 65.9631  61.241
 70.5423  71.655
 71.7004      73
 74.2019  72.862
 74.9241  76.448
 56.2399  39.656
 62.0387  54.625
 63.9762  63.875
 65.4268  65.969
 66.6595  71.656
 67.5148   74.25
 72.2769  75.625
 57.4699    30.5
 64.7824  45.219
 68.6874  57.219
 70.5951  58.813
 73.1642  66.594
 75.2324  67.094
 77.6734  72.313
  51.688  37.719
 57.6843  51.281
 61.7157    59.5
 65.9095  69.281
 66.2311   74.25
  68.581  78.219
 62.5771  70.188
 45.4312  33.781
 49.6058  55.063
 52.6857  65.813
 54.8549  66.281
 57.9523  73.031
 59.0258      72
  61.285  74.531
