 44.7318  34.357
 49.1108  42.071
 56.5176  56.286
 62.9998  62.179
 67.8115  74.607
 74.0921  79.321
 78.6445  75.964
 42.8213  42.714
 46.0372  45.821
 59.9345  59.036
 62.9774  61.393
 66.0895      63
 70.0328  74.929
 73.6924  77.857
 46.0454  35.214
 51.6704  52.107
 54.8335  55.321
  61.243  64.036
  65.952      70
 68.5387  76.964
 71.0664  72.571
 40.0139   35.25
 43.8763  42.929
 48.4076  56.179
 56.5577  62.286
 61.0033   73.75
 62.9372  75.536
 70.0123  80.464
 60.1016  39.345
 70.1899      54
 72.4957   56.31
 75.8624  55.931
 77.8942  64.345
 80.4336  75.414
 81.6159  73.552
  51.069  33.276
 60.1374  53.552
 68.3268  70.034
 72.4848  70.483
 75.7612  80.655
 77.1614  67.966
 79.8362  81.276
 42.2039      40
 54.7585  55.103
 66.0984  70.414
 68.0127  65.276
 70.0551  74.621
 71.5421  78.897
 75.5014  77.172
 36.3966  30.276
 46.7103  41.655
 57.2978  61.241
 62.6972  71.655
 64.0174      73
 69.9042  72.862
 70.7474  76.448
 42.9286  39.656
 53.6489  54.625
 58.3761  63.875
 61.3626  65.969
 63.2641  71.656
 67.1064   74.25
 71.5424  75.625
 27.6872    30.5
 39.1924  45.219
 46.7083  57.219
 52.2149  58.813
 60.5738  66.594
 65.6624  67.094
 72.6098  72.313
 37.2624  37.719
 48.1096  51.281
 57.1988    59.5
 67.6264  69.281
 70.9331   74.25
 77.9427  78.219
 76.5756  70.188
 46.1316  33.781
 56.8283  55.063
 63.1347  65.813
 67.3815  66.281
 73.2067  73.031
 74.7133      72
 77.6921  74.531
