 37.1776  25.409
 41.2562  31.727
 48.0367  42.182
 53.7951  46.182
  57.935      58
 63.1377  62.545
  66.751  69.182
 35.3881  26.318
 38.3973  35.136
 51.0959  47.227
 53.7755  55.455
 56.4679  56.727
 59.8024  63.955
 62.8139  69.091
  38.405  26.364
 43.6192  34.682
 46.5114    43.5
 52.2536  50.318
   56.35  58.045
 58.5495  65.091
 60.6614  65.364
 32.7528    33.5
 36.3769  36.182
 40.6039      44
 48.0729  54.818
 52.0421  59.818
 53.7404    68.5
 59.7853  71.727
 51.2441  27.429
 59.9334  44.429
 61.8383  41.048
 64.5593  38.238
 66.1651  52.905
 68.1323  65.762
 69.0326  63.143
 43.0656  19.476
 51.2759  33.238
 58.3708  49.381
 61.8294  52.095
 64.4786  65.571
 65.5891  48.952
 67.6735   70.81
 34.8091  21.952
 46.4432  31.619
 56.4755  54.048
 58.1053  40.095
  59.821  58.143
 61.0545  59.143
  64.271  63.095
 29.3556  16.714
 39.0251  27.524
 48.7396  38.762
 53.5306  56.143
 54.6809  51.667
 59.6951  67.333
 60.3969  65.476
 35.4887  24.682
 45.4322    34.5
 49.7069  41.818
  52.359  47.909
 54.0257  53.455
 57.3363  56.909
 61.0547  65.364
 21.2548      19
  31.981  32.727
 39.0232  44.864
 44.1194  48.545
 51.6625  54.545
 56.1015  62.364
 61.9317      68
 30.1682  20.318
 40.3272    33.5
 48.6506  40.682
 57.7781  56.318
  60.551  57.727
 66.2031  67.182
 65.1261      57
 38.4853  22.091
 48.3169      31
 53.9128  44.727
 57.5702  48.864
  62.419  58.227
 63.6389  59.227
 66.0066  64.455
 17.7862    10.8
 28.4638  26.067
 33.9748    38.6
 39.2572    44.2
  46.451  54.333
 57.5505    68.2
 62.9205  74.467
 16.0492  11.267
 36.2565  41.867
 47.7734    55.6
 52.2285    60.6
 56.2026  70.133
 60.0569  77.467
 63.0156    75.2
 19.0111  14.867
 32.7855    29.8
 36.7357      38
 43.1973  47.067
 50.3775  58.133
 56.3389  67.733
 59.4619  72.733
 10.4328  15.533
 15.5668    24.8
 19.0721  34.667
 24.5397  41.533
 31.4453  49.933
 34.2851    65.2
  46.712  68.333
 15.8979   6.625
 21.9648   16.75
 33.8976  32.813
 42.4314  50.875
 43.5417  52.438
 46.4642  50.188
 53.3711  66.625
 10.9109   8.813
 23.9722  30.625
 35.6159    41.5
 39.3687  46.125
  48.786   62.25
 56.4977  67.938
 60.4511   71.25
 15.4905      23
 21.3315  31.263
 31.1055  39.895
 38.5164  47.421
 42.3762  58.368
 49.4339  61.579
 54.6356  68.316
  19.573  26.474
 36.9821  40.211
 45.9627  47.316
 53.4083  60.579
 57.8079  71.737
 59.0891  64.474
 61.4216  64.053
 14.5804   9.188
 26.5355  17.313
 33.5127      32
  38.422  34.375
 44.7529      45
 50.2976  54.625
 56.3665  71.125
 28.9173  22.579
 61.2291  45.842
 65.3959  62.105
 65.9972  59.947
 67.9367  65.895
 68.0322  61.842
 69.1829  71.895
 20.9518  21.263
 40.1097  33.421
 46.5038  41.263
 50.9437      45
 54.6347  51.158
 63.4525  72.895
 66.8838  71.368
 24.5009  14.813
 38.1907  30.188
 50.5487  43.625
 55.5916  58.063
 55.9171  54.438
 59.4437  54.813
  65.728  75.375
