51.1454 25.409
53.1932 31.727
56.2989 42.182
58.8953 46.182
60.9172 58
63.2541 62.545
64.9955 69.182
44.7357 26.318
52.2194 35.136
56.4464 47.227
58.0016 55.455
59.6425 56.727
61.9332 63.955
63.4053 69.091
44.234 26.364
49.5159 34.682
54.0278 43.5
56.7787 50.318
58.6716 58.045
59.9419 65.091
60.9548 65.364
43.8679 33.5
46.1558 36.182
49.2348 44
53.1209 54.818
55.0132 59.818
55.9306 68.5
58.5598 71.727
38.299 27.429
41.2864 44.429
42.812 41.048
44.6351 38.238
47.0457 52.905
50.5052 65.762
54.611 63.143
35.711 19.476
39.1346 33.238
44.4677 49.381
49.5159 52.095
56.0778 65.571
59.4555 48.952
61.406 70.81
44.4343 21.952
50.896 31.619
56.3726 54.048
57.0745 40.095
58.2992 58.143
59.0446 59.143
60.8797 63.095
44.7693 16.714
50.7893 27.524
56.6309 38.762
59.8296 56.143
60.6543 51.667
62.4611 67.333
62.9896 65.476
50.0802 24.682
53.9551 34.5
55.2696 41.818
56.262 47.909
57.1115 53.455
57.7045 56.909
61.0676 65.364
50.896 19
55.8203 32.727
58.5225 44.864
59.867 48.545
61.7072 54.545
63.2163 62.364
65.0334 68
47.0801 20.318
51.0384 33.5
53.737 40.682
56.594 56.318
56.8156 57.727
58.4481 67.182
54.3192 57
42.9761 22.091
45.7139 31
47.7358 44.727
49.1646 48.864
51.2167 58.227
51.9322 59.227
53.4467 64.455
21.0498 10.8
33.1541 26.067
38.2682 38.6
42.812 44.2
49.0594 54.333
57.5932 68.2
61.5189 74.467
21.491 11.267
39.353 41.867
48.1173 55.6
49.9389 60.6
47.3902 70.133
49.305 77.467
53.9551 75.2
24.5435 14.867
39.6035 29.8
43.4373 38
49.2699 47.067
53.737 58.133
59.1939 67.733
62.2347 72.733
17.4905 15.533
25.1106 24.8
30.2484 34.667
37.5654 41.533
43.6357 49.933
46.258 65.2
55.3429 68.333
9.5635 6.625
15.5767 16.75
27.9486 32.813
37.535 50.875
35.7698 52.438
28.5742 50.188
42.681 66.625
10.7494 8.813
24.2526 30.625
37.3531 41.5
40.9978 46.125
48.7794 62.25
54.1734 67.938
57.3337 71.25
15.9979 23
25.3402 31.263
31.746 39.895
39.8864 47.421
47.5974 58.368
61.3684 61.579
61.3684 68.316
16.3644 26.474
34.2877 40.211
43.8015 47.316
51.0384 60.579
56.7048 71.737
61.5189 64.474
64.6923 64.053
9.9791 9.188
18.1657 17.313
26.3699 32
31.1516 34.375
38.4221 45
44.4009 54.625
50.6472 71.125
37.7784 22.579
49.1646 45.842
50.6472 62.105
51.181 59.947
52.2913 65.895
53.5918 61.842
54.7206 71.895
35.1546 21.263
45.1055 33.421
50.6472 41.263
54.0642 45
56.8895 51.158
62.3102 72.895
65.5643 71.368
15.5459 14.813
26.3699 30.188
35.7698 43.625
40.5512 58.063
40.2655 54.438
42.7792 54.813
50.896 75.375
