#SAMVIQ	#ACR
#MOS	MOS
25.409	30.741	#mobcal
31.727	41.852
42.182	45.556
46.182	62.593
58	67.037
62.545	67.778
69.182	76.667
26.318	32.963	#parkrun
35.136	43.333
47.227	52.222
55.455	61.852
56.727	63.333
63.955	72.222
69.091	70
26.364	26.296	#shields
34.682	35.185
43.5	48.519
50.318	52.963
58.045	61.111
65.091	66.296
65.364	66.296
33.5	31.481	#stockholm
36.182	31.481
44	44.074
54.818	51.481
59.818	55.185
68.5	56.667
71.727	67.037
27.429	44.815	#concert
44.429	64.074
41.048	60.37
38.238	66.296
52.905	67.778
65.762	74.444
63.143	70.741
19.476	33.704	#foot
33.238	41.852
49.381	58.889
52.095	68.519
65.571	72.222
48.952	67.778
70.81	72.222
21.952	41.111	#movie
31.619	58.148
54.048	70.741
40.095	70
58.143	73.704
59.143	78.889
63.095	79.63
16.714	22.593	#voile
27.524	39.63
38.762	55.926
56.143	59.63
51.667	69.259
67.333	73.704
65.476	72.222
24.682	42.593	#crédits
34.5	57.407
41.818	66.296
47.909	65.556
53.455	70
56.909	76.667
65.364	79.63
19	23.333	#golf
32.727	39.63
44.864	45.556
48.545	52.963
54.545	64.815
62.364	67.778
68	73.704
20.318	32.963	#show
33.5	47.778
40.682	59.63
56.318	69.259
57.727	72.222
67.182	67.778
57	65.556
22.091	34.444	#standing
31	50.741
44.727	66.296
48.864	72.963
58.227	73.704
59.227	71.481
64.455	75.185
10.8	18.889	#above marathon
26.067	40.37
38.6	48.519
44.2	57.407
54.333	67.778
68.2	81.111
74.467	86.296
11.267	18.889	#captain
41.867	53.704
55.6	67.778
60.6	67.778
70.133	75.185
77.467	75.926
75.2	79.63
14.867	15.185	#dance in the woods
29.8	41.852
38	47.037
47.067	55.926
58.133	64.074
67.733	71.481
72.733	71.481
15.533	27.778	#duck fly
24.8	39.63
34.667	52.222
41.533	65.556
49.933	69.259
65.2	73.704
68.333	80.37
6.267	10.741	#fountain man
15.933	29.259
32.267	61.111
50	70
52.467	67.778
48.867	70
65.933	77.407
8.733	10	#group disorder
31.333	39.63
42.267	60.37
46.6	59.63
62.2	71.481
67.333	73.704
70.533	80.37
23.5	17.407	#inside marathon
30	26.296
41.438	41.852
49.063	50
57.813	60.37
63.813	63.333
70.188	67.037
27.563	26.296	# new parkrun
38.875	52.222
49.313	66.296
56.438	70.741
70.875	73.704
63.75	69.259
62.375	74.444
9	11.481	#rendezvous
17.2	22.593
32	45.556
34.333	52.222
45.467	68.519
56.533	71.481
72	75.926
23.688	18.148	#stockholm travel
47.125	70.741
61.5	80.37
61	71.481
64.188	81.852
63.125	78.148
70.688	81.852
22.125	18.889	#tree pan
33.125	38.889
41.563	49.259
45.313	64.815
51.563	67.037
73.75	76.667
70.875	79.63
14.8	15.185	#ulriksdals
29.8	28.519
43.4	57.407
57.933	68.519
54.333	59.63
54.467	61.111
75.8	83.333
