	#LCD		CRT
#débit	MOS	IC	MOS	IC
2.25	25.409	7.989	34.357	6.809	#mobcal
2.5	31.727	8.021	42.071	5.853
3.15	42.182	7.359	56.286	6.173
4	46.182	8.53	62.179	5.677
5	58	7.659	74.607	5.988
7	62.545	7.201	79.321	4.683
10	69.182	5.39	75.964	6.074
	81.136	5.31	81.071	4.878
8	26.318	7.367	42.714	8.197	#parkrun
12	35.136	7.383	45.821	7.341
16	47.227	7.53	59.036	7.991
18	55.455	7.266	61.393	7.025
20	56.727	7.948	63	6.564
24	63.955	7.239	74.929	7.151
28	69.091	7.765	77.857	4.402
	82.273	4.844	85.214	4.449
2.25	26.364	8.182	35.214	6.824	#shields
3	34.682	8.475	52.107	6.472
4	43.5	9.317	55.321	6.88
5	50.318	9.409	64.036	6.325
6	58.045	10.569	70	5.874
7	65.091	8.009	76.964	4.602
8	65.364	7.923	72.571	6.471
	77.5	6.033	84.393	4.005
1.625	33.5	9.861	35.25	6.449	#stockholm
1.875	36.182	9.278	42.929	6.748
2.25	44	8.482	56.179	6.76
3	54.818	8.301	62.286	5.972
3.6	59.818	7.252	73.75	4.498
4	68.5	6.252	75.536	4.725
6	71.727	5.632	80.464	3.551
	81.636	5.523	86.036	4.33
2.5	16.714	5.351	30.276	7.125	#voile
4	27.524	5.848	41.655	6.393
6	38.762	6.618	61.241	5.285
8	56.143	5.874	71.655	5.226
9	51.667	6.231	73	5.697
11	67.333	5.809	72.862	6.48
12	65.476	6.028	76.448	4.683
	76.143	5.344	81.966	5.643
2.5	21.952	6.486	40	7.836	#movie
4	31.619	8.228	55.103	7.466
7	54.048	8.911	70.414	6.339
8	40.095	8.275	65.276	7.037
9	58.143	7.621	74.621	5.246
10	59.143	8.018	78.897	4.86
14	63.095	7.22	77.172	5.438
	75.81	4.659	85.69	4.435
4	19.476	4.704	33.276	8.068	#foot
6	33.238	6.28	53.552	8.003
10	49.381	8.388	70.034	6.074
14	52.095	8.059	70.483	6.338
18	65.571	5.355	80.655	5.311
22	48.952	7.479	67.966	5.34
26	70.81	5.379	81.276	4.867
	75.19	5.662	84.207	4.912
4	27.429	5.776	39.345	8.937	#concert
8	44.429	5.183	54	8.102
10	41.048	6.672	56.31	7.866
14	38.238	6.41	55.931	8.325
18	52.905	5.693	64.345	6.51
24	65.762	4.916	75.414	5.138
30	63.143	4.553	73.552	6.781
	74.381	4.477	81.69	5.485
2	20.318	6.151	37.719	7.356	#show
3	33.5	6.938	51.281	6.765
4	40.682	6.974	59.5	6.777
8	56.318	6.983	69.281	6.017
10	57.727	5.058	74.25	4.847
14	67.182	6.159	78.219	4.64
22	57	7.68	70.188	5.91
	71.682	7.692	81.063	4.522
4	24.682	5.868	39.656	8.144	#crédits
6	34.5	6.793	54.625	7.258
7	41.818	5.656	63.875	7.268
8	47.909	4.796	65.969	6.084
9	53.455	7.162	71.656	5.146
10	56.909	5.878	74.25	4.526
14	65.364	6.624	75.625	4.097
	77.227	6.613	84.063	4.021
1	19	4.585	30.5	6.837	#golf
1.5	32.727	6.452	45.219	6.69
2	44.864	6.919	57.219	6.389
2.5	48.545	7.227	58.813	5.891
3	54.545	5.848	66.594	5.583
4	62.364	6.59	67.094	5.552
6	68	5.077	72.313	5.855
	80.182	5.265	75.344	5.798
0.75	22.091	5.308	33.781	6.998	#standing
1.25	31	5.829	55.063	6.48
2	44.727	5.163	65.813	5.817
3	48.864	4.652	66.281	5.871
5	58.227	5.696	73.031	5.028
6	59.227	5.794	72	4.664
8	64.455	4.057	74.531	4.665
	67	6.927	78.969	5.476
