#SAMVIQ		#ACR
#MOS	IC	MOS	IC
25.409	7.989	30.741	5.723	#mobcal
31.727	8.021	41.852	6.013
42.182	7.359	45.556	6.726
46.182	8.53	62.593	8.144
58	7.659	67.037	7.158
62.545	7.201	67.778	8.959
69.182	5.39	76.667	6.94
26.318	7.367	32.963	5.807	#parkrun
35.136	7.383	43.333	6.277
47.227	7.53	52.222	5.266
55.455	7.266	61.852	5.637
56.727	7.948	63.333	5.918
63.955	7.239	72.222	5.666
69.091	7.765	70	4.679
26.364	8.182	26.296	5.141	#shields
34.682	8.475	35.185	5.765
43.5	9.317	48.519	7.808
50.318	9.409	52.963	6.518
58.045	10.569	61.111	6.726
65.091	8.009	66.296	7.259
65.364	7.923	66.296	7.555
33.5	9.861	31.481	5.093	#stockholm
36.182	9.278	31.481	5.093
44	8.482	44.074	6.555
54.818	8.301	51.481	6.251
59.818	7.252	55.185	7.714
68.5	6.252	56.667	7.248
71.727	5.632	67.037	5.807
27.429	5.776	44.815	5.372	#concert
44.429	5.183	64.074	5.045
41.048	6.672	60.37	6.053
38.238	6.41	66.296	6.29
52.905	5.693	67.778	6.04
65.762	4.916	74.444	4.356
63.143	4.553	70.741	6.094
19.476	4.704	33.704	5.55	#foot
33.238	6.28	41.852	6.013
49.381	8.388	58.889	6.726
52.095	8.059	68.519	5.093
65.571	5.355	72.222	5.666
48.952	7.479	67.778	7.348
70.81	5.379	72.222	4.832
21.952	6.486	41.111	5.666	#movie
31.619	8.228	58.148	7.619
54.048	8.911	70.741	6.774
40.095	8.275	70	5.536
58.143	7.621	73.704	5.141
59.143	8.018	78.889	4.356
63.095	7.22	79.63	5.281
16.714	5.351	22.593	5.188	#voile
27.524	5.848	39.63	7.359
38.762	6.618	55.926	7.192
56.143	5.874	59.63	6.738
51.667	6.231	69.259	4.899
67.333	5.809	73.704	4.696
65.476	6.028	72.222	4.832
24.682	5.868	42.593	6.986	#crédits
34.5	6.793	57.407	7.587
41.818	5.656	66.296	6.29
47.909	4.796	65.556	6.392
53.455	7.162	70	5.918
56.909	5.878	76.667	5.536
65.364	6.624	79.63	4.849
19	4.585	23.333	4.185	#golf
32.727	6.452	39.63	6.053
44.864	6.919	45.556	6.04
48.545	7.227	52.963	6.173
54.545	5.848	64.815	6.133
62.364	6.59	67.778	5.266
68	5.077	73.704	6.629
20.318	6.151	32.963	5.807	#show
33.5	6.938	47.778	7.348
40.682	6.974	59.63	6.738
56.318	6.983	69.259	6.094
57.727	5.058	72.222	4.832
67.182	6.159	67.778	5.666
57	7.68	65.556	6.04
22.091	5.308	34.444	6.04	#standing
31	5.829	50.741	6.443
44.727	5.163	66.296	5.932
48.864	4.652	72.963	5.807
58.227	5.696	73.704	4.696
59.227	5.794	71.481	5.891
64.455	4.057	75.185	5.372
10.8	4.148	18.889	3.82	#above marathon
26.067	5.581	40.37	6.405
38.6	6.678	48.519	5.891
44.2	7.541	57.407	6.328
54.333	7.169	67.778	6.04
68.2	6.425	81.111	7.044
74.467	5.245	86.296	2.986
11.267	3.616	18.889	4.356	#captain
41.867	7.698	53.704	6.29
55.6	5.135	67.778	6.04
60.6	7.655	67.778	5.666
70.133	7.192	75.185	4.948
77.467	3.993	75.926	5.849
75.2	5.183	79.63	4.374
14.867	5.185	15.185	3.369	#dance in the woods
29.8	8.501	41.852	5.637
38	8.711	47.037	6.173
47.067	8.215	55.926	4.591
58.133	8.211	64.074	6.881
67.733	7.911	71.481	4.644
72.733	5.922	71.481	4.146
15.533	4.728	27.778	6.392	#duck fly
24.8	5.38	39.63	7.055
34.667	9.805	52.222	7.64
41.533	9.077	65.556	7.64
49.933	6.869	69.259	6.094
65.2	8.984	73.704	5.932
68.333	5.779	80.37	4.849
6.267	2.788	10.741	1.452	#fountain man
15.933	5.088	29.259	7.392
32.267	6.734	61.111	7.348
50	8.169	70	5.918
52.467	8.072	67.778	6.04
48.867	9.044	70	6.617
65.933	8.634	77.407	4.747
8.733	3.424	10	0	#group disorder
31.333	7.953	39.63	6.738
42.267	8.549	60.37	7.359
46.6	11.514	59.63	7.651
62.2	9.355	71.481	6.251
67.333	8.653	73.704	5.141
70.533	8.231	80.37	4.849
23.5	8.616	17.407	3.712	#inside marathon
30	8.335	26.296	5.141
41.438	8.496	41.852	7.021
49.063	9.185	50	5.536
57.813	6.414	60.37	7.651
63.813	6.242	63.333	7.248
70.188	6.577	67.037	6.845
27.563	9.508	26.296	5.932	# new parkrun
38.875	9.427	52.222	5.266
49.313	7.993	66.296	5.55
56.438	8.485	70.741	5.327
70.875	6.515	73.704	4.696
63.75	9.46	69.259	6.094
62.375	7.973	74.444	5.666
9	5.273	11.481	2.013	#rendezvous
17.2	5.079	22.593	5.594
32	10.208	45.556	8.193
34.333	6.617	52.222	8.193
45.467	5.383	68.519	4.146
56.533	9.292	71.481	5.891
72	8.018	75.926	6.881
23.688	8.545	18.148	4.318	#stockholm travel
47.125	8.34	70.741	5.723
61.5	6.79	80.37	4.374
61	9.507	71.481	5.506
64.188	7.166	81.852	4.798
63.125	8.075	78.148	4.318
70.688	7.614	81.852	4.318
22.125	8.311	18.889	4.356	#tree pan
33.125	8.962	38.889	6.04
41.563	7.544	49.259	6.443
45.313	7.999	64.815	6.133
51.563	8.415	67.037	6.518
73.75	6.207	76.667	5.125
70.875	7.768	79.63	4.849
14.8	6.976	15.185	3.966	#ulriksdals
29.8	8.678	28.519	5.093
43.4	8.11	57.407	5.594
57.933	8.76	68.519	6.592
54.333	7.902	59.63	6.738
54.467	8.935	61.111	4.356
75.8	7.342	83.333	3.624
