# LCD
# débit	MOS	IC	débit	MOS	IC	débit	MOS	IC	débit	MOS	IC
# mobcal			# parkrun			# shields			# stockholm
1.2	29.933	10.234	4	24	9.959	1	23.667	9.346	0.8	26.667	10.019
1.4	29.467	10.238	5	29.4	9.345	1.4	29.6	9.235	1	29.333	9.169
1.7	34.867	9.302	5.3	33.267	10.483	1.6	32	9.604	1.2	39.6	8.656
1.8	40.333	10.026	7	40	9.828	1.8	35.467	9.256	1.4	42.067	9.999
2.5	37.867	10.112	8	43.133	8.922	2.5	45.533	9.965	1.8	44.333	8.946
3	41.133	10.506	9	42.733	9.366	3	46.533	9.147	2.5	49.8	9.186
4	45.667	9.798	12	48.733	9.198	4	49.4	9.374	6	56.8	8.254
