# CRT
# débit	MOS	IC	débit	MOS	IC	débit	MOS	IC	débit	MOS	IC
# mobcal			# parkrun			# shields			# stockholm
1.2	35.733	9.775	4	25.733	7.255	1	25.6	8.067	0.8	36.333	7.559
1.4	34.133	9.073	5	33.2	6.701	1.4	34.067	6.951	1	40.867	8.146
1.7	52.333	7.368	5.3	35.067	8.975	1.6	39.067	6.119	1.2	51.467	6.081
1.8	48.467	8.309	7	40.467	7.455	1.8	44.2	5.878	1.4	53.6	4.626
2.5	46.667	7.179	8	41.667	7.59	2.5	55.133	5.963	1.8	60.2	5.179
3	59.133	8.095	9	49.267	7.609	3	52.467	6.672	2.5	64.867	6.517
4	59.933	6.74	12	52.8	7.259	4	61.333	5.192	6	63.533	7.185
