# mobcal	SD_Q60	1.8 Mbps					SD_Q80	3 Mbps					parkrun	SD_Q60	5.3 Mbps					SD_Q80	9 Mbps					shields	SD_Q60	1.6 Mbps					SD_Q80	3 Mbps					stockholm	SD_Q60	1.2 Mbps					SD_Q80	1.8 Mbps
#débit	Pref	IC	nbObs	MOS HD	MOS SD	DeltaMOS	Pref	IC	nbObs	MOS SD	DeltaMOS		HD_rate	Pref	IC	nbObs	MOS HD	MOS SD	DeltaMOS	Pref	IC	nbObs	MOS SD	DeltaMOS		HD_rate	Pref	IC	nbObs	MOS HD	MOS SD	DeltaMOS	Pref	IC	nbObs	MOS SD	DeltaMOS		HD_rate	Pref	IC	nbObs	MOS HD	MOS SD	DeltaMOS	Pref	IC	nbObs	MOS SD	DeltaMOS
#1	2	3	4	5	6	7	8	9	10	11	12		13	14	15	16	17	18	19	20	21	22	23	24		25	26	27	28	29	30	31	32	33	34	35	36		37	38	39	40	41	42	43	44	45	46	47	48
2.25	-1.2105	0.4964	19	34.357	64.867	-30.51	-1	0.7852	18	70.2	-35.843		8	-0.7895	0.6455	19	42.714	46.267	-3.553	-1.2727	0.5223	22	64.4	-21.686		2.25	-0.7368	0.7271	19	35.214	44.733	-9.519	-1.5789	0.5893	19	68.133	-32.919		1.625	-1.4	0.5073	20	35.25	66.4	-31.15	-1.65	0.5236	20	72.267	-37.017
2.5	-0.9474	0.5152	19	42.071	64.867	-22.796	-0.9444	0.625	18	70.2	-28.129		12	0.5789	0.5324	19	45.821	46.267	-0.446	-0.4091	0.6626	22	64.4	-18.579		3	-0.0526	0.4247	19	52.107	44.733	7.374	-1	0.6015	19	68.133	-16.026		1.875	-0.05	0.7524	20	42.929	66.4	-23.471	-0.75	0.6772	20	72.267	-29.338
3.15	0.3684	0.5874	19	56.286	64.867	-8.581	0.1111	0.6868	18	70.2	-13.914		16	1.3684	0.4428	19	59.036	46.267	12.769	0.7727	0.59	22	64.4	-5.364		4	0.7895	0.5174	19	55.321	44.733	10.588	0.1579	0.6567	19	68.133	-12.812		2.25	0.4	0.6985	20	56.179	66.4	-10.221	-0.5	0.6574	20	72.267	-16.088
4	0.7368	0.5987	19	62.179	64.867	-2.688	0.8333	0.693	18	70.2	-8.021		18	1	0.6015	19	61.393	46.267	15.126	0.9545	0.7069	22	64.4	-3.007		5	2.0526	0.3086	19	64.036	44.733	19.303	1.1053	0.5239	19	68.133	-4.097		3	1	0.4801	20	62.286	66.4	-4.114	0.9	0.6336	20	72.267	-9.981
5	0.7368	0.5228	19	74.607	64.867	9.74	1.8333	0.493	18	70.2	4.407		20	1.8421	0.444	19	63	46.267	16.733	0.9091	0.5181	22	64.4	-1.4		6	1.8421	0.3347	19	70	44.733	25.267	0.4737	0.777	19	68.133	1.867		3.6	1.2	0.5977	20	73.75	66.4	7.35	1.2	0.5647	20	72.267	1.483
7	1.6842	0.5065	19	79.321	64.867	14.454	1.5556	0.6391	18	70.2	9.121		24	1.4737	0.6252	19	74.929	46.267	28.662	1.2727	0.3604	22	64.4	10.529		7	2.1579	0.3651	19	76.964	44.733	32.231	1.6316	0.4885	19	68.133	8.831		4	1.6	0.488	20	75.536	66.4	9.136	1.5	0.5092	20	72.267	3.269
10	1.7895	0.4016	19	75.964	64.867	11.097	1.2778	0.4822	18	70.2	5.764		28	2.5789	0.3031	19	77.857	46.267	31.59	1.2727	0.5518	22	64.4	13.457		8	2.1579	0.4194	19	72.571	44.733	27.838	1.8421	0.444	19	68.133	4.438		6	1.7	0.5896	20	80.464	66.4	14.064	1.55	0.5088	20	72.267	8.197
