#MOS SD	IC SD	MOS SDup	IC SDup	MOS HD	IC HD
32.4	8.137	29.933	10.234	25.409	7.989	#mobcal
35.867	9.335	29.467	10.238	31.727	8.021
46.267	7.811	34.867	9.302	42.182	7.359
49.733	8.413	40.333	10.026	46.182	8.53
50.867	8.394	37.867	10.112	58	7.659
56.133	6.466	41.133	10.506	62.545	7.201
64.467	8.392	45.667	9.798	69.182	5.39
34.533	7.348	24	9.959	26.318	7.367	# parkrun
37.6	6.952	29.4	9.345	35.136	7.383
37.667	8.439	33.267	10.483	47.227	7.53
51.6	6.938	40	9.828	55.455	7.266
55.533	5.06	43.133	8.922	56.727	7.948
60.933	7.199	42.733	9.366	63.955	7.239
67.733	5.415	48.733	9.198	69.091	7.765
25.067	7.068	23.667	9.346	26.364	8.182	# shields
35.933	7.848	29.6	9.235	34.682	8.475
36.333	8.056	32	9.604	43.5	9.317
43.933	7.895	35.467	9.256	50.318	9.409
53.4	7.93	45.533	9.965	58.045	10.569
55.2	8.145	46.533	9.147	65.091	8.009
64.067	7.754	49.4	9.374	65.364	7.923
31.333	8.532	26.667	10.019	33.5	9.861	# stockholm
38.4	7.935	29.333	9.169	36.182	9.278
50.933	7.451	39.6	8.656	44	8.482
63.4	6.23	42.067	9.999	54.818	8.301
65.333	5.149	44.333	8.946	59.818	7.252
69.2	5.162	49.8	9.186	68.5	6.252
77	6.695	56.8	8.254	71.727	5.632
