#CRT
#MOS SD	IC SD	MOS SDup	IC SDup	MOS HD	IC HD
38.6	10.232	35.733	9.775	34.357	6.809	#mobcal
46.867	10.954	34.133	9.073	42.071	5.853
57.933	11.492	52.333	7.368	56.286	6.173
64.867	5.706	48.467	8.309	62.179	5.677
67.533	7.338	46.667	7.179	74.607	5.988
70.2	8.552	59.133	8.095	79.321	4.683
75.467	7.727	59.933	6.74	75.964	6.074
41.267	10.234	25.733	7.255	42.714	8.197	# parkrun
48.733	9.538	33.2	6.701	45.821	7.341
46.267	9.218	35.067	8.975	59.036	7.991
66.733	7.808	40.467	7.455	61.393	7.025
65.8	8.458	41.667	7.59	63	6.564
64.4	7.83	49.267	7.609	74.929	7.151
78.067	5.894	52.8	7.259	77.857	4.402
32.4	9.494	25.6	8.067	35.214	6.824	# shields
41.667	9.293	34.067	6.951	52.107	6.472
44.733	10.801	39.067	6.119	55.321	6.88
56.467	8.455	44.2	5.878	64.036	6.325
67.533	7.116	55.133	5.963	70	5.874
68.133	7.296	52.467	6.672	76.964	4.602
73.133	7.658	61.333	5.192	72.571	6.471
40.4	7.281	36.333	7.559	35.25	6.449	# stockholm
52.867	7.486	40.867	8.146	42.929	6.748
66.4	6.719	51.467	6.081	56.179	6.76
68.667	6.748	53.6	4.626	62.286	5.972
72.267	6.445	60.2	5.179	73.75	4.498
75.067	6.791	64.867	6.517	75.536	4.725
80	5.648	63.533	7.185	80.464	3.551
