#LCD	PSNR	VSSIM	VQM	CRT	PSNR	VSSIM	VQM
#MOS	MOSp LCD	MOSp LCD	MOSp LCD	MOS	MOSp CRT	MOSp CRT	MOSp CRT
25.409	35.8429	51.2563	37.2674	34.357	56.9361	58.0363	45.2126
31.727	36.3034	53.2122	41.4151	42.071	57.1314	61.0662	49.2654
42.182	37.2761	56.2164	48.237	56.286	57.5404	65.6108	56.2665
46.182	38.1933	58.6839	53.9398	62.179	57.9222	69.2246	62.5969
58	39.006	60.5974	57.978	74.607	58.2577	71.9424	67.4532
62.545	40.0899	62.7852	62.9691	79.321	58.7011	74.9504	74.0405
69.182	41.068	64.4255	66.3743	75.964	59.0979	77.1319	79.0249
26.318	32.293	44.9834	35.4394	42.714	55.3894	48.0777	43.4592
35.136	33.8102	52.2795	38.5107	45.821	56.06	59.6276	46.4153
47.227	34.9733	56.3306	51.2782	59.036	56.5641	65.7806	59.5759
55.455	35.4454	57.8301	53.9205	61.393	56.7665	67.9874	62.5746
56.727	35.9502	59.3788	56.5533	63	56.9817	70.2205	65.698
63.955	36.7194	61.5473	59.7808	74.929	57.3068	73.2618	69.7482
69.091	37.4466	62.9284	62.6614	77.857	57.6117	75.1435	73.6119
26.364	35.0341	44.4808	38.5185	35.214	56.5903	47.2717	46.4229
34.682	36.2266	49.6453	43.804	52.107	57.0988	55.5071	51.6613
43.5	37.3691	54.0444	46.7116	55.321	57.5793	62.3395	54.6554
50.318	38.1933	56.6505	52.4224	64.036	57.9222	66.2548	60.8591
58.045	38.8338	58.4546	56.4385	70	58.1868	68.8938	65.5587
65.091	39.3039	59.6801	58.5726	76.964	58.38	70.6492	68.2006
65.364	39.6651	60.64	60.6058	72.571	58.5278	72.0019	70.8286
33.5	35.7205	44.1161	32.7399	35.25	56.8839	46.6867	40.8951
36.182	36.2419	46.3579	36.45	42.929	57.1053	50.2793	44.4265
44	36.9511	49.3918	40.7537	56.179	57.4042	55.1068	48.6109
54.818	38.521	53.1382	48.2732	62.286	58.0578	60.9525	56.305
59.818	37.944	54.9708	52.2136	73.75	57.8188	63.7442	60.6233
68.5	38.8181	55.8683	53.8861	75.536	58.1804	65.0919	62.5346
71.727	39.6808	58.357	59.7643	80.464	58.5342	68.7526	69.7269
27.429	50.5158	38.5848	51.4249	39.345	62.8357	37.8655	59.7393
44.429	51.6621	41.5398	59.9067	54	63.2857	42.5593	69.9119
41.048	52.0317	43.0544	61.7319	56.31	63.4311	44.984	72.3365
38.238	52.7827	44.8743	64.3151	55.931	63.7268	47.9026	75.9559
52.905	53.4982	47.2398	65.8258	64.345	64.0092	51.6884	78.1899
65.762	54.5394	50.6239	67.6616	75.414	64.4215	57.0467	81.0393
63.143	54.9734	54.5741	68.4962	73.552	64.594	63.1443	82.3891
19.476	46.8248	35.9856	43.2454	33.276	61.3874	33.809	51.0963
33.238	48.8276	39.42	51.4564	53.552	62.1736	39.1852	59.7743
49.381	49.5017	44.713	58.3998	70.034	62.4379	47.6441	67.9824
52.095	49.9237	49.6426	61.7234	70.483	62.6034	55.5028	72.3249
65.571	50.2979	56.0011	64.2389	80.655	62.7502	65.2901	75.8457
48.952	50.7489	59.2	65.2852	67.966	62.9271	69.9652	77.3796
70.81	51.847	61.0653	67.235	81.276	63.3584	72.5948	80.3629
21.952	47.836	44.6619	34.8469	40	61.7846	47.562	42.8942
31.619	49.486	51.0091	46.6433	55.103	62.4318	57.65	54.584
54.048	51.214	56.2693	56.5607	70.414	63.1097	65.6894	65.707
40.095	52.216	56.9638	58.1429	65.276	63.5036	66.7177	67.6596
58.143	52.9963	58.1161	59.7987	74.621	63.811	68.4035	69.7714
59.143	53.4072	58.8333	60.9825	78.897	63.9732	69.4395	71.3286
63.095	54.314	60.5716	64.0429	77.172	64.3321	71.9062	75.563
16.714	52.1085	45.0159	29.2504	30.276	63.4613	48.1297	37.6066
27.524	54.1032	50.9037	39.1497	41.655	64.2485	57.4852	47.0372
38.762	55.3309	56.5186	48.9379	61.241	64.7364	66.0595	57.0171
56.143	56.0413	59.5728	53.6799	71.655	65.0201	70.4968	62.2962
51.667	56.8471	60.3609	54.8084	73	65.3435	71.6106	63.6117
67.333	57.6583	62.0514	59.6775	72.862	65.671	73.9538	69.6144
65.476	58.6582	62.5277	60.3521	76.448	66.0776	74.6021	70.4943
24.682	50.3914	50.2034	35.5423	39.656	62.7868	56.3863	43.5574
34.5	33.376	53.9586	45.6289	54.625	55.8697	62.2087	53.5295
41.818	53.9221	55.2199	49.9005	63.875	64.1768	64.1196	58.0595
47.909	54.2087	56.1692	52.5264	65.969	64.2903	65.5405	60.9768
53.455	54.5994	56.9843	54.1661	71.656	64.4453	66.7478	62.8598
56.909	54.8838	57.5614	57.3974	74.25	64.5583	67.5952	66.732
65.364	55.7165	60.7211	60.9827	75.625	64.8902	72.1152	71.3289
19	51.4923	51.0105	20.9161	30.5	63.219	57.6522	29.6964
32.727	53.1791	55.7458	31.9479	45.219	63.8832	64.9087	40.1471
44.864	54.2689	58.3216	39.1478	57.219	64.3142	68.7014	47.0354
48.545	55.9086	59.6129	44.3082	58.813	64.967	70.5537	52.174
54.545	56.306	61.3461	51.8387	66.594	65.1262	72.9841	60.2017
62.364	57.3263	62.753	56.1963	67.094	65.5367	74.907	65.2658
68	57.4997	64.4618	61.8211	72.313	65.6068	77.1795	72.4576
20.318	54.3892	47.2911	30.0859	37.719	64.3619	51.7702	38.3927
33.5	55.0778	51.1277	40.4729	51.281	64.6356	57.8354	48.3341
40.682	55.5981	53.749	48.8493	59.5	64.8429	61.8887	56.9218
56.318	55.9381	56.5044	57.8259	69.281	64.9788	66.0386	67.2635
57.727	56.3647	56.6875	60.4999	74.25	65.1497	66.3096	70.6888
67.182	56.5259	58.265	65.8614	78.219	65.2144	68.6194	78.2436
57	56.8326	54.3058	64.8495	70.188	65.3377	62.7372	76.7356
22.091	50.2668	43.2306	38.6004	33.781	62.738	45.2665	46.5025
31	52.3541	45.9213	48.5166	55.063	63.558	49.5806	56.5651
44.727	54.2689	47.9259	54.0553	65.813	64.3142	52.7816	62.731
48.864	55.4646	49.3097	57.6244	66.281	64.7897	54.977	67.013
58.227	55.8791	51.3151	62.2856	73.031	64.9552	58.1282	73.0927
59.227	56.7159	52.0106	63.4445	72	65.2907	59.2106	74.7095
64.455	57.0217	53.4843	65.6772	74.531	65.4139	61.4837	77.9658
10.8	38.1465	21.0529	17.359
26.067	41.1787	33.4081	28.3331
38.6	42.62	38.5429	33.9926
44.2	43.8423	43.0684	39.3858
54.333	45.7792	49.2286	46.6511
68.2	49.0944	57.4431	57.6053
74.467	51.0592	61.1407	62.7628
11.267	45.9219	21.52	15.5846
41.867	50.8266	39.6288	36.327
55.6	52.9506	48.3071	47.9741
60.6	53.4527	50.0641	52.3976
70.133	54.3441	47.5769	56.2949
77.467	55.5239	49.4565	60.0255
75.2	56.6136	53.9639	62.8532
14.867	43.2707	24.6454	18.6134
29.8	46.6191	39.8886	32.7734
38	47.473	43.7013	36.8164
47.067	49.0159	49.4342	43.3783
58.133	50.3447	53.7413	50.5663
67.733	52.0932	58.9497	56.4276
72.733	53.316	61.8135	59.453
15.533	36.5035	17.4066	9.9026
24.8	38.4898	25.2272	15.093
34.667	39.838	30.4656	18.676
41.533	41.8908	37.8455	24.2945
49.933	43.5406	43.8885	31.398
65.2	44.7952	46.4655	34.3105
68.333	47.6309	55.2772	46.9126
6.625	42.8739	9.3194	15.4304
16.75	44.8587	15.4482	21.6458
32.813	47.9306	28.1153	33.9136
50.875	49.9393	37.7989	42.6047
52.438	50.1421	36.0289	43.7259
50.188	51.1831	28.7441	46.6643
66.625	53.8314	42.9411	53.523
8.813	37.5708	10.5194	10.3818
30.625	42.4931	24.3519	23.7105
41.5	45.7316	37.6372	35.6723
46.125	46.5082	41.2607	39.4992
62.25	48.859	48.9515	48.9842
67.938	50.6402	54.1828	56.5823
71.25	51.847	57.1909	60.4041
23	39.7751	15.8845	15.0152
31.263	41.4792	25.4492	20.995
39.895	43.8582	31.9699	31.0489
47.421	45.5729	40.1609	38.632
58.368	46.9198	47.7971	42.5489
61.579	48.9218	61.014	49.6291
68.316	49.9393	61.014	54.764
26.474	44.017	16.2599	19.1896
40.211	48.1827	34.529	37.0679
47.316	50.4225	44.06	46.1615
60.579	52.1393	51.1277	53.5597
71.737	53.316	56.5778	57.8548
64.474	54.3291	61.1708	59.0936
64.053	55.5091	64.1295	61.3338
9.188	34.7153	9.7424	14.0893
17.313	37.6019	18.1083	26.3488
32	39.3667	26.5073	33.5192
34.375	40.5943	31.3772	38.5358
45	42.6835	38.6812	44.946
54.625	44.3664	44.6539	50.4871
71.125	46.334	50.7605	56.4545
22.579	48.7019	38.0493	28.7996
45.842	53.6498	49.3035	61.1497
62.105	54.4343	50.7598	65.1035
59.947	54.6743	51.2937	65.6683
65.895	55.2119	52.346	67.4798
61.842	55.7757	53.5997	67.5686
71.895	56.2913	54.7053	68.6352
21.263	40.7048	35.4281	20.6048
33.421	42.3346	45.3345	40.2521
41.263	44.2235	50.746	46.704
45	45.4777	54.0742	51.1276
51.158	46.5241	56.7747	54.7632
72.895	49.1571	61.8949	63.2679
71.368	51.214	64.9531	66.4984
14.813	44.557	15.4206	24.2546
30.188	47.2044	26.5019	38.3003
43.625	49.6268	36.049	50.7361
58.063	50.811	40.8226	55.6989
54.438	51.0747	40.5481	56.0165
54.813	51.9394	43.0456	59.4354
75.375	53.9523	51.0098	65.4156
